{
  "camera_model": "PINHOLE",
  "fl_x": 312.38204015914323,
  "fl_y": 312.5652089739642,
  "cx": 1003.6274718804733,
  "cy": 566.6316772468006,
  "w": 1920,
  "h": 1080,
  "source_session_time_s": 171.483,
  "source_labels": "/Users/zikangjiang/dev/ego-exo/visualizations/v2/handpose_labeler/labels/left_hand_session_171483.json",
  "frames": [
    {
      "file_path": "images/cam1.jpg",
      "camera_name": "cam1",
      "transform_matrix": [
        [
          0.996584260367549,
          -0.05516689495702386,
          -0.06145262963019544,
          0.5946815385768647
        ],
        [
          -0.005581920498983175,
          -0.7874366185675531,
          0.6163703544967433,
          0.3594226316765312
        ],
        [
          -0.0823932894792307,
          -0.6139219701555717,
          -0.7850548773232945,
          -0.6406271068194719
        ],
        [
          0.0,
          0.0,
          0.0,
          1.0
        ]
      ]
    },
    {
      "file_path": "images/cam2.jpg",
      "camera_name": "cam2",
      "transform_matrix": [
        [
          0.02027260692484764,
          0.7977968391917933,
          -0.6025854501927959,
          0.07856510813879054
        ],
        [
          0.9994103818726909,
          -0.032875756308240994,
          -0.009903194042484909,
          -0.01688341873177016
        ],
        [
          -0.0277111893204276,
          -0.6020293913279857,
          -0.79799292099849,
          -0.6378841115286904
        ],
        [
          0.0,
          0.0,
          0.0,
          1.0
        ]
      ]
    },
    {
      "file_path": "images/cam3.jpg",
      "camera_name": "cam3",
      "transform_matrix": [
        [
          -0.9930240981311531,
          -0.030299342865784923,
          0.11395214062364835,
          0.2793796909415548
        ],
        [
          -0.09379374280875592,
          0.7886390790996902,
          -0.6076603794281125,
          -0.4071156539040223
        ],
        [
          -0.0714554010606271,
          -0.6141093980217972,
          -0.7859794990459805,
          -0.6402497883959675
        ],
        [
          0.0,
          0.0,
          0.0,
          1.0
        ]
      ]
    },
    {
      "file_path": "images/cam4.jpg",
      "camera_name": "cam4",
      "transform_matrix": [
        [
          0.9945402222741319,
          0.08727145399856331,
          -0.057213980773033205,
          0.17640103805956409
        ],
        [
          0.10402602595588367,
          -0.7856919802322134,
          0.6098087389687105,
          0.3314573123511986
        ],
        [
          0.00826632946029748,
          -0.6124310618475844,
          -0.7904807791980106,
          -0.9625607314776009
        ],
        [
          0.0,
          0.0,
          0.0,
          1.0
        ]
      ]
    }
  ]
}
